hinge
SCORE:  0.6017667510025645
Accuracy:  0.5995697166584195
              precision    recall  f1-score   support

           1       0.58      0.74      0.65     84422
           2       0.62      0.67      0.64    113363
           3       0.86      0.04      0.08     14461
           4       0.39      0.33      0.36      1079
           5       0.00      0.00      0.00      3866
           6       0.00      0.00      0.00      6962
           7       0.21      0.00      0.01      8252

    accuracy                           0.60    232405
   macro avg       0.38      0.25      0.25    232405
weighted avg       0.57      0.60      0.56    232405


log_loss
SCORE:  0.5287903822653655
Accuracy:  0.529089305307545
              precision    recall  f1-score   support

           1       0.76      0.05      0.09     84422
           2       0.52      0.98      0.68    113363
           3       0.62      0.43      0.51     14461
           4       0.12      0.03      0.04      1079
           5       0.05      0.01      0.01      3866
           6       0.17      0.01      0.02      6962
           7       0.56      0.21      0.31      8252

    accuracy                           0.53    232405
   macro avg       0.40      0.24      0.24    232405
weighted avg       0.60      0.53      0.41    232405

modified_huber
SCORE:  0.4346827076986627
Accuracy:  0.43442697015985027
              precision    recall  f1-score   support

           1       0.64      0.07      0.13     84422
           2       0.69      0.71      0.70    113363
           3       0.69      0.34      0.46     14461
           4       0.08      0.00      0.01      1079
           5       0.19      0.06      0.09      3866
           6       0.34      0.22      0.27      6962
           7       0.09      0.99      0.16      8252

    accuracy                           0.43    232405
   macro avg       0.39      0.34      0.26    232405
weighted avg       0.63      0.43      0.43    232405

squared_hinge
SCORE:  0.42210116865458425
Accuracy:  0.42154858974634796
              precision    recall  f1-score   support

           1       0.45      0.99      0.62     84422
           2       0.98      0.00      0.01    113363
           3       0.31      0.99      0.47     14461
           4       0.00      0.00      0.00      1079
           5       0.00      0.00      0.00      3866
           6       0.00      0.00      0.00      6962
           7       0.31      0.01      0.01      8252

    accuracy                           0.42    232405
   macro avg       0.29      0.28      0.16    232405
weighted avg       0.67      0.42      0.26    232405

perceptron
SCORE:  0.5390569869709644
Accuracy:  0.5399711710161141
              precision    recall  f1-score   support

           1       0.54      0.88      0.67     84422
           2       0.73      0.37      0.49    113363
           3       0.67      0.50      0.57     14461
           4       0.00      0.00      0.00      1079
           5       0.07      0.45      0.12      3866
           6       0.18      0.00      0.01      6962
           7       0.57      0.05      0.09      8252

    accuracy                           0.54    232405
   macro avg       0.39      0.32      0.28    232405
weighted avg       0.62      0.54      0.52    232405

squared_error
SCORE:  0.589516531557116
Accuracy:  0.5905595834857253
              precision    recall  f1-score   support

           1       0.56      0.64      0.60     84422
           2       0.70      0.58      0.64    113363
           3       0.59      0.65      0.62     14461
           4       0.00      0.00      0.00      1079
           5       0.52      0.00      0.01      3866
           6       0.20      0.31      0.25      6962
           7       0.35      0.67      0.46      8252

    accuracy                           0.59    232405
   macro avg       0.42      0.41      0.37    232405
weighted avg       0.61      0.59      0.59    232405

huber
SCORE:  0.4806888005369959
Accuracy:  0.4792108603515415
              precision    recall  f1-score   support

           1       0.45      0.96      0.61     84422
           2       0.60      0.21      0.32    113363
           3       0.68      0.20      0.31     14461
           4       0.93      0.01      0.03      1079
           5       0.07      0.01      0.02      3866
           6       0.34      0.27      0.30      6962
           7       0.49      0.13      0.21      8252

    accuracy                           0.48    232405
   macro avg       0.51      0.26      0.26    232405
weighted avg       0.53      0.48      0.41    232405

epsilon_insensitive
SCORE:  0.64880552830416
Accuracy:  0.6472322024052839
              precision    recall  f1-score   support

           1       0.65      0.64      0.65     84422
           2       0.66      0.77      0.72    113363
           3       0.75      0.25      0.38     14461
           4       0.00      0.00      0.00      1079
           5       0.33      0.13      0.19      3866
           6       0.30      0.29      0.30      6962
           7       0.57      0.28      0.37      8252

    accuracy                           0.65    232405
   macro avg       0.47      0.34      0.37    232405
weighted avg       0.64      0.65      0.63    232405

squared_epsilon_insensitive
SCORE:  0.5636348771966059
Accuracy:  0.5629655127901724
              precision    recall  f1-score   support

           1       0.66      0.71      0.68     84422
           2       0.74      0.50      0.60    113363
           3       0.46      0.72      0.56     14461
           4       0.78      0.01      0.01      1079
           5       0.40      0.02      0.03      3866
           6       0.10      0.58      0.16      6962
           7       0.32      0.01      0.01      8252

    accuracy                           0.56    232405
   macro avg       0.49      0.36      0.29    232405
weighted avg       0.65      0.56      0.58    232405

Loss function with max score:  epsilon_insensitive
Loss function with max accuracy:  epsilon_insensitive